0.305972 0.323926 0.335074 0.34588 0.338524 0.315873 0.28876 0.2667 0.24519 0.226464 0.235418 0.262155 0.284142 0.302378 0.31725 0.329694 0.340245 0.34919 0.356731 0.363079 0.368403 0.372706 0.37585 0.377971 0.3753 0.344974 0.285254 0.251881 0.236117 0.226995 0.221428 0.217681 0.215018 0.213127 0.211782 0.210812 0.20995 0.209358 0.208873 0.208519 0.208235 0.207994 0.207756 0.207533 0.207354 0.207194 0.207063 0.206954 0.206862 0.206782 0.206709 0.206639 0.206573 0.206512 0.206462 0.206423 0.206392 0.206364 
0.387327 0.495313 0.602928 0.590636 0.547334 0.513427 0.477917 0.439911 0.410753 0.421754 0.452228 0.487638 0.518823 0.541928 0.558055 0.569743 0.578194 0.583099 0.584614 0.581928 0.571588 0.550384 0.526237 0.508227 0.496213 0.488395 0.483419 0.479924 0.47738 0.475497 0.474067 0.47294 0.472048 0.471353 0.470759 0.470236 0.469771 0.46936 0.468993 0.468655 0.468361 0.468106 0.467877 0.467669 0.467485 0.467315 0.467157 0.467009 0.46687 0.466742 0.466626 0.466519 0.466421 0.466331 0.466246 0.466167 0.466094 0.466023 
0.444327 0.602369 0.645012 0.618431 0.595638 0.587073 0.574377 0.574382 0.626636 0.680258 0.7226 0.743163 0.748135 0.74371 0.599617 0.60711 0.614513 0.620493 0.624588 0.627717 0.6302 0.632323 0.634264 0.635995 0.637648 0.639214 0.640678 0.642033 0.643276 0.644384 0.645362 0.646216 0.646968 0.647633 0.648223 0.648736 0.649189 0.649587 0.649931 0.650236 0.650506 0.650744 0.650952 0.651132 0.651291 0.651429 0.651551 0.651659 0.651755 0.651841 0.651918 0.651986 0.652047 0.6521 0.65215 0.652193 0.652232 0.652267 
0.498887 0.678988 0.663753 0.700893 0.715786 0.727371 0.663545 0.700641 0.801779 0.87311 0.869616 0.823073 0.784543 0.768662 0.746285 0.722121 0.656654 0.656604 0.659864 0.66282 0.665374 0.667665 0.669886 0.672159 0.674742 0.677987 0.681817 0.686434 0.691127 0.695582 0.699382 0.702479 0.704859 0.706698 0.708184 0.709412 0.71043 0.711283 0.711987 0.712586 0.713101 0.713543 0.713926 0.714265 0.714565 0.71483 0.715065 0.715274 0.715458 0.715622 0.71577 0.715903 0.716024 0.716133 0.716234 0.716326 0.71641 0.716487 
0.712119 0.692102 0.718698 0.722436 0.734911 0.748423 0.806474 0.912741 0.924251 0.93639 0.930816 0.876224 0.863091 0.85897 0.790623 0.748638 0.734251 0.729427 0.728803 0.729572 0.730625 0.73175 0.7328 0.73375 0.734596 0.735343 0.736021 0.736632 0.737183 0.737692 0.738183 0.738668 0.739182 0.739773 0.740493 0.741467 0.744271 0.779087 0.795251 0.796559 0.797023 0.797325 0.797563 0.79776 0.79793 0.798079 0.798209 0.798325 0.798427 0.79852 0.798603 0.798677 0.798744 0.798804 0.798858 0.798906 0.798948 0.798987 
0.704335 0.680063 0.751189 0.736748 0.743167 0.780835 0.874425 0.99013 0.988063 0.991297 0.94621 0.946892 0.879781 0.875623 0.874132 0.873653 0.873881 0.874647 0.875424 0.873543 0.860217 0.838498 0.826241 0.82093 0.818532 0.817402 0.816878 0.816655 0.816614 0.81669 0.816841 0.817066 0.81736 0.817737 0.818228 0.818874 0.819734 0.820929 0.822595 0.825038 0.828647 0.834175 0.84261 0.854464 0.868671 0.882477 0.893343 0.900857 0.905763 0.909031 0.911238 0.912799 0.913945 0.914803 0.91545 0.91596 0.916366 0.916696 
0.718602 0.711203 0.754709 0.758855 0.768028 0.80471 0.979844 1.00588 1.01352 0.990143 0.990385 0.985846 0.939839 0.924969 0.922773 0.922109 0.922091 0.922549 0.923394 0.924471 0.925651 0.926817 0.927906 0.928863 0.929669 0.930337 0.930881 0.931316 0.931651 0.931908 0.932097 0.932228 0.932314 0.932366 0.932385 0.932382 0.932357 0.932315 0.93226 0.932192 0.932113 0.932023 0.931921 0.931807 0.931681 0.931538 0.931373 0.931176 0.930935 0.930604 0.930139 0.929542 0.929529 0.935122 0.942151 0.945133 0.946634 0.947542 
0.738124 0.785522 0.800352 0.776404 0.790615 0.850782 1.03226 1.05916 1.01165 1.0235 1.01829 0.993422 0.988581 0.983444 0.977084 0.967878 0.95142 0.945042 0.945244 0.946674 0.948433 0.950216 0.951895 0.95342 0.954768 0.955941 0.956948 0.957804 0.958522 0.959128 0.959642 0.960072 0.960432 0.960735 0.960992 0.961208 0.961392 0.961547 0.961676 0.961784 0.961876 0.961953 0.962016 0.96207 0.962116 0.962156 0.962192 0.962224 0.962249 0.962271 0.96229 0.962311 0.962328 0.962347 0.962364 0.962384 0.962408 0.962427 
0.79764 0.833488 0.818319 0.796757 0.809525 0.883806 1.04259 1.08239 1.04891 1.04293 1.02394 1.02648 1.01673 1.00817 1.00014 0.993582 0.98905 0.986138 0.984241 0.983008 0.982272 0.981938 0.98197 0.982399 0.983148 0.983715 0.983482 0.982304 0.981605 0.981813 0.982215 0.982577 0.982894 0.983155 0.983376 0.983566 0.983729 0.983867 0.983984 0.984084 0.98417 0.984246 0.984314 0.984376 0.984432 0.984484 0.984532 0.984578 0.984625 0.984673 0.984722 0.984772 0.984823 0.98488 0.984943 0.985008 0.98508 0.985165 
0.84271 0.891238 0.853605 0.861756 0.914928 0.98371 1.0659 1.10022 1.09151 1.04916 1.05784 1.05135 1.04261 1.03349 1.02638 1.02159 1.01858 1.0169 1.0162 1.01619 1.01574 1.01403 1.01187 1.01048 1.01003 1.01021 1.01068 1.01122 1.01176 1.01226 1.01268 1.01304 1.01334 1.01358 1.01378 1.01393 1.01406 1.01416 1.01423 1.01428 1.01431 1.01432 1.01432 1.01431 1.01429 1.01426 1.01422 1.01417 1.01412 1.01407 1.01401 1.01395 1.01388 1.01382 1.01375 1.01369 1.01363 1.01357 
0.902331 0.890389 0.882211 0.861485 0.957844 1.00193 1.08569 1.0974 1.11632 1.08089 1.07177 1.06513 1.05577 1.0465 1.04007 1.03572 1.0328 1.03084 1.02956 1.02873 1.02822 1.02795 1.02789 1.02799 1.02831 1.02896 1.03031 1.03392 1.04403 1.04582 1.04568 1.04574 1.0459 1.04608 1.04626 1.04643 1.04658 1.04672 1.04683 1.04694 1.04703 1.04711 1.04718 1.04724 1.0473 1.04735 1.04739 1.04743 1.04746 1.04748 1.04751 1.04752 1.04754 1.04755 1.04755 1.04755 1.04755 1.04754 
0.909883 0.934379 0.887903 0.90068 0.923381 1.02074 1.09472 1.12968 1.12019 1.10708 1.07308 1.07008 1.0666 1.06299 1.05954 1.0586 1.05247 1.05148 1.05201 1.05286 1.05374 1.0545 1.05515 1.05571 1.05623 1.05675 1.05731 1.05792 1.05861 1.05934 1.06003 1.0606 1.06106 1.0614 1.06166 1.06186 1.06202 1.06215 1.06226 1.06236 1.06244 1.06252 1.06259 1.06265 1.06271 1.06276 1.06281 1.06285 1.0629 1.06293 1.06296 1.06299 1.06302 1.06304 1.06307 1.06308 1.0631 1.06311 
0.912625 0.921522 0.886272 0.90724 0.91529 1.03406 1.121 1.15546 1.13625 1.11583 1.1002 1.08359 1.07694 1.07268 1.06946 1.06701 1.06522 1.06414 1.06374 1.06398 1.06487 1.06634 1.06788 1.06865 1.06885 1.06886 1.0688 1.06872 1.06865 1.0686 1.0686 1.06859 1.0686 1.06863 1.06866 1.06871 1.06877 1.06883 1.0689 1.06897 1.06903 1.0691 1.06916 1.06922 1.06929 1.06935 1.06942 1.06949 1.06956 1.06963 1.0697 1.06977 1.06984 1.06992 1.07 1.07008 1.07016 1.07024 
0.899026 0.926775 0.91773 0.916106 0.976175 1.09579 1.11707 1.15899 1.14899 1.1253 1.11292 1.10436 1.09829 1.09295 1.08617 1.08234 1.07971 1.07784 1.07636 1.07503 1.07379 1.07306 1.07279 1.07293 1.07332 1.07379 1.07424 1.07459 1.07485 1.07506 1.0753 1.07563 1.07612 1.0768 1.07767 1.07876 1.07994 1.08116 1.08239 1.08351 1.08451 1.08536 1.08608 1.08667 1.08718 1.08762 1.08802 1.08836 1.08868 1.08897 1.08923 1.08948 1.08971 1.08993 1.09015 1.09035 1.09056 1.09075 
0.909509 0.920264 0.926002 1.00573 1.02865 1.11935 1.14343 1.16532 1.15469 1.13556 1.12496 1.11788 1.11289 1.10913 1.10595 1.09888 1.09074 1.0887 1.08739 1.08634 1.08544 1.08467 1.08401 1.08346 1.08302 1.08273 1.08264 1.08281 1.08329 1.0842 1.0857 1.08778 1.09027 1.09268 1.09456 1.09584 1.09662 1.09706 1.09733 1.09749 1.09759 1.09766 1.0977 1.09773 1.09776 1.09779 1.09781 1.09783 1.09785 1.09787 1.09789 1.09791 1.09793 1.09796 1.09798 1.09802 1.09805 1.09809 
0.948797 0.920177 0.934054 1.00903 1.04969 1.13935 1.14786 1.16742 1.16006 1.14605 1.13241 1.12562 1.11933 1.1145 1.11211 1.11087 1.11011 1.10952 1.1086 1.10701 1.10525 1.10382 1.10276 1.10199 1.10143 1.101 1.10071 1.10053 1.10045 1.10048 1.10062 1.10089 1.1013 1.10187 1.1026 1.10349 1.10453 1.10566 1.1068 1.10786 1.10881 1.10965 1.11036 1.11097 1.11148 1.11191 1.11229 1.11262 1.11291 1.11316 1.11339 1.11359 1.11377 1.11394 1.11409 1.11424 1.11437 1.11449 
0.960421 0.939456 0.939881 1.01602 1.05651 1.13529 1.16689 1.17201 1.17109 1.14899 1.14454 1.1287 1.12451 1.12168 1.11965 1.11816 1.11712 1.11639 1.11589 1.11549 1.11502 1.11437 1.11273 1.11112 1.11044 1.11008 1.10997 1.11006 1.11033 1.11072 1.11119 1.11167 1.11216 1.11263 1.11308 1.11348 1.11385 1.1142 1.11456 1.11494 1.11534 1.11581 1.11642 1.11763 1.12156 1.12312 1.12369 1.12415 1.12456 1.12494 1.1253 1.12563 1.12593 1.12621 1.12648 1.12673 1.12696 1.12718 
0.965621 0.952991 0.942859 1.02719 1.12779 1.15399 1.18023 1.17534 1.17618 1.16528 1.14693 1.14379 1.14017 1.13662 1.13338 1.13053 1.12809 1.12603 1.12446 1.12364 1.1235 1.1231 1.12208 1.11989 1.11929 1.12061 1.12127 1.12161 1.12181 1.12197 1.12213 1.12229 1.12247 1.12268 1.12293 1.1232 1.12352 1.12387 1.12426 1.1247 1.12518 1.12571 1.12628 1.12692 1.12763 1.12839 1.1292 1.13007 1.13099 1.13192 1.13282 1.13367 1.13445 1.13516 1.1358 1.13636 1.13685 1.13729 
0.968878 0.966838 0.943877 0.971617 1.14289 1.17798 1.18324 1.18259 1.18627 1.16745 1.16502 1.16143 1.15663 1.15115 1.14574 1.14079 1.13656 1.13308 1.13028 1.12818 1.12727 1.12838 1.1307 1.13269 1.1341 1.13513 1.13593 1.13653 1.13685 1.1369 1.1368 1.13667 1.13654 1.13645 1.13642 1.13646 1.13654 1.13668 1.13684 1.13704 1.13727 1.13752 1.13781 1.13811 1.13844 1.13879 1.13915 1.13954 1.13994 1.14035 1.14076 1.14117 1.14158 1.14198 1.14236 1.14273 1.1431 1.14345 
0.968632 0.964033 0.954812 0.989109 1.14809 1.19825 1.18703 1.19084 1.18826 1.18128 1.1751 1.17016 1.16497 1.15933 1.15435 1.15195 1.15096 1.14995 1.1488 1.14766 1.14664 1.14577 1.14505 1.14444 1.14396 1.14374 1.14387 1.14443 1.14518 1.14584 1.14633 1.14667 1.14691 1.14709 1.14724 1.14737 1.14748 1.14758 1.14768 1.14778 1.14788 1.14797 1.14806 1.14816 1.14825 1.14835 1.14848 1.14863 1.14881 1.14904 1.1493 1.14962 1.14998 1.15038 1.15082 1.15127 1.15173 1.15219 
0.976696 0.971383 1.03904 1.06803 1.16719 1.19841 1.19355 1.2051 1.19473 1.19166 1.18467 1.17939 1.17383 1.17572 1.17298 1.16975 1.16622 1.16281 1.16004 1.158 1.1565 1.15549 1.1548 1.15428 1.15385 1.15349 1.15318 1.15294 1.15278 1.15277 1.15298 1.15343 1.15415 1.15504 1.15596 1.15679 1.15747 1.15801 1.15843 1.15876 1.15902 1.15925 1.15945 1.15964 1.15981 1.15998 1.16013 1.16029 1.16043 1.16057 1.16071 1.16084 1.16097 1.16109 1.16121 1.16132 1.16142 1.16153 
0.975525 0.971244 1.04521 1.07439 1.1643 1.20261 1.20005 1.20689 1.20902 1.20025 1.19584 1.19137 1.18761 1.18411 1.18097 1.17833 1.17627 1.17483 1.17387 1.17319 1.17267 1.17231 1.17213 1.17208 1.17208 1.17205 1.17179 1.17096 1.16927 1.16736 1.16591 1.16505 1.16472 1.16476 1.16501 1.16538 1.1658 1.16622 1.16663 1.16703 1.16741 1.16777 1.16811 1.16844 1.16875 1.16905 1.16933 1.16961 1.16988 1.17014 1.1704 1.17065 1.17089 1.17113 1.17135 1.17157 1.17179 1.17199 
0.978928 0.973921 1.04817 1.14532 1.1766 1.2059 1.21016 1.21263 1.21331 1.20641 1.20086 1.19672 1.19299 1.18948 1.18622 1.18338 1.18119 1.1796 1.17851 1.17784 1.17756 1.17766 1.17806 1.17857 1.179 1.17931 1.17948 1.17956 1.17959 1.17957 1.17952 1.17944 1.17934 1.17921 1.17906 1.1789 1.17872 1.17855 1.17838 1.17824 1.17812 1.17805 1.17801 1.17801 1.17807 1.17818 1.17832 1.17851 1.17871 1.17893 1.17917 1.17942 1.17966 1.17991 1.18015 1.1804 1.18064 1.18087 
0.97936 0.974592 1.05461 1.15464 1.19903 1.21143 1.21202 1.21497 1.21666 1.21346 1.20773 1.19816 1.19234 1.18938 1.18757 1.18648 1.18593 1.18584 1.18615 1.18672 1.18715 1.18727 1.18718 1.18705 1.18696 1.18693 1.18697 1.18705 1.18708 1.18696 1.18672 1.18645 1.18624 1.18611 1.18604 1.18602 1.18604 1.1861 1.18618 1.18628 1.18639 1.18649 1.1866 1.1867 1.18679 1.18687 1.18695 1.18702 1.18708 1.18713 1.18718 1.18722 1.18726 1.18731 1.18735 1.1874 1.18746 1.18754 
0.978937 0.978156 1.05677 1.16098 1.2211 1.21815 1.22017 1.21946 1.22222 1.2181 1.20979 1.20574 1.20362 1.2012 1.19812 1.19573 1.19425 1.19324 1.19249 1.19188 1.19137 1.19093 1.19055 1.19021 1.18991 1.18966 1.18945 1.18927 1.18914 1.18906 1.18901 1.18899 1.18901 1.18907 1.18916 1.18927 1.18939 1.18953 1.18968 1.18984 1.19002 1.19032 1.19105 1.19275 1.19439 1.19516 1.19549 1.19563 1.19568 1.19569 1.19566 1.19561 1.19554 1.19547 1.1954 1.19533 1.19525 1.19518 
0.977665 0.979711 1.02072 1.18074 1.22068 1.22774 1.2276 1.22325 1.22818 1.22915 1.20756 1.21077 1.21323 1.21503 1.21563 1.21567 1.21534 1.21457 1.21329 1.21159 1.2097 1.20795 1.20647 1.2053 1.20437 1.20362 1.20301 1.2025 1.20206 1.20167 1.20134 1.20106 1.20081 1.20061 1.20044 1.20031 1.20021 1.20014 1.20008 1.20005 1.20004 1.20004 1.20003 1.20002 1.20001 1.20002 1.20007 1.20043 1.20212 1.20316 1.20351 1.20376 1.20399 1.20421 1.20443 1.20463 1.20483 1.20503 
0.973988 0.98039 1.01626 1.17835 1.22342 1.2295 1.22984 1.22703 1.22127 1.22253 1.22299 1.2242 1.22562 1.22577 1.22589 1.22568 1.22523 1.22453 1.22354 1.22226 1.22067 1.21881 1.21685 1.21502 1.2135 1.21228 1.2113 1.21049 1.20981 1.20923 1.20874 1.20831 1.20795 1.20764 1.20737 1.20714 1.20695 1.20679 1.20666 1.20657 1.2065 1.20647 1.20647 1.20649 1.20654 1.20662 1.20671 1.20682 1.20694 1.20706 1.20717 1.20728 1.20739 1.20748 1.20756 1.20763 1.20771 1.20779 
